%YAML:1.0
---
type: IMU
name: sim_imu
Gyr:
   unit: " rad/s"
   avg-axis:
      gyr_n: 1.6032102290081944e-03
      gyr_w: 8.4954273878835626e-05
   x-axis:
      gyr_n: 1.5671277413775509e-03
      gyr_w: 7.9568208877414193e-05
   y-axis:
      gyr_n: 1.7100524618088224e-03
      gyr_w: 9.8503403841854165e-05
   z-axis:
      gyr_n: 1.5324504838382098e-03
      gyr_w: 7.6791208917238507e-05
Acc:
   unit: " m/s^2"
   avg-axis:
      acc_n: 2.1395026747008866e-02
      acc_w: 9.3180245663533091e-04
   x-axis:
      acc_n: 2.1185858972775168e-02
      acc_w: 9.0989981507111047e-04
   y-axis:
      acc_n: 2.1403561554125344e-02
      acc_w: 9.5512448976395206e-04
   z-axis:
      acc_n: 2.1595659714126074e-02
      acc_w: 9.3038306507093021e-04
